image_width: 848
image_height: 800
camera_name: fisheye_camera
camera_matrix:
  rows: 3
  cols: 3
  data: [285.9576110839844, 0.0, 421.4068908691406, 0.0, 286.04010009765625, 406.2687072753906, 0.0, 0.0, 1.0]
distortion_model: plumb_bob
distortion_coefficients:
  rows: 1
  cols: 4
  data: [-0.005491869989782572, 0.04046155884861946, -0.03874512016773224, 0.00672572897747159]
rectification_matrix:
  rows: 3
  cols: 3
  data: [1.000000, 0.000000, 0.000000, 0.000000, 1.000000, 0.000000, 0.000000, 0.000000, 1.000000]
projection_matrix:
  rows: 3
  cols: 4
  data: [285.9576110839844, 0.0, 421.4068908691406, 0.0, 0.0, 286.04010009765625, 406.2687072753906, 0.0, 0.0, 0.0, 1.0, 0.0]