# oST version 5.0 parameters


[image]

width
848

height
800

[narrow_stereo]

camera matrix
286.662437 0.000000 421.834900
0.000000 286.710057 407.967210
0.000000 0.000000 1.000000

distortion
-0.003943 0.044638 -0.044864 0.008971

rectification
1.000000 0.000000 0.000000
0.000000 1.000000 0.000000
0.000000 0.000000 1.000000

projection
286.662437 0.000000 421.834900 0.000000
0.000000 286.710057 407.967210 0.000000
0.000000 0.000000 1.000000 0.000000

